1
2
3
4
5
6
7
8
9
10
11
12
13
14
15
16
17
18
19
20
21
22
23
24
25
26
27
28
29
30
31
32
33
34
35
36
37
38
39
40
41
42
43
44
45
46
47
48
49
50
51
52
53
54
55
56
57
58
59
60
61
62
63
64
65
66
67
68
69
70
71
72
73
74
75
76
77
78
79
80
81
82
83
84
85
86
87
88
89
90
91
92
93
94
95
96
97
98
99
100
110
120
130
140
150
160
170
180
190
200
210
220
230
240
250
260
270
280
290
300
310
320
330
340
350
360
370
380
390
400
410
420
430
440
450
460
470
480
490
500
510
520
530
540
550
560
570
580
590
600
610
620
630
640
650
660
670
680
690
700
710
720
730
740
750
760
770
780
790
800
810
820
830
840
850
860
870
880
890
900
910
920
930
940
950
960
970
980
990
1000
1100
1200
1300
1400
1500
1600
1700
1800
1900
2000
2100
2200
2300
2400
2500
2600
2700
2800
2900
3000
3100
3200
3300
3400
3500
3600
3700
3800
3900
4000
4100
4200
4300
4400
4500
4600
4700
4800
4900
5000
5100
5200
5300
5400
5500
5600
5700
5800
5900
6000
6100
6200
6300
6400
6500
6600
6700
6800
6900
7000
7100
7200
7300
7400
7500
7600
7700
7800
7900
8000
8100
8200
8300
8400
8500
8600
8700
8800
8900
9000
9100
9200
9300
9400
9500
9600
9700
9800
9900
10000
11000
12000
13000
14000
15000
16000
17000
18000
19000
20000
21000
22000
23000
24000
25000
26000
27000
28000
29000
30000
31000
32000
33000
34000
35000
36000
37000
38000
39000
40000
41000
42000
43000
44000
45000
46000
47000
48000
49000
50000
51000
52000
53000
54000
55000
56000
57000
58000
59000
60000
61000
62000
63000
64000
65000
66000
67000
68000
69000
70000
71000
72000
73000
74000
75000
76000
77000
78000
79000
80000
81000
82000
83000
84000
85000
86000
87000
88000
89000
90000
91000
92000
93000
94000
95000
96000
97000
98000
99000
100000
110000
120000
130000
140000
150000
160000
170000
180000
190000
200000
210000
220000
230000
240000
250000
260000
270000
280000
290000
300000
310000
320000
330000
340000
350000
360000
370000
380000
390000
400000
410000
420000
430000
440000
450000
460000
470000
480000
490000
500000
510000
520000
530000
540000
550000
560000
570000
580000
590000
600000
610000
620000
630000
640000
650000
660000
670000
680000
690000
700000
710000
720000
730000
740000
750000
760000
770000
780000
790000
800000
810000
820000
830000
840000
850000
860000
870000
880000
890000
900000
910000
920000
930000
940000
950000
960000
970000
980000
990000
1000000
1100000
1200000
1300000
1400000
1500000
1600000
1700000
1800000
1900000
2000000
2100000
2200000
2300000
2400000
2500000
2600000
2700000
2800000
2900000
3000000
3100000
3200000
3300000
3400000
3500000
3600000
3700000
3800000
3900000
4000000
4100000
4200000
4300000
4400000
4500000
4600000
4700000
4800000
4900000
5000000
5100000
5200000
5300000
5400000
5500000
5600000
5700000
5800000
5900000
6000000
6100000
6200000
6300000
6400000
6500000
6600000
6700000
6800000
6900000
7000000
7100000
7200000
7300000
7400000
7500000
7600000
7700000
7800000
7900000
8000000
8100000
8200000
8300000
8400000
8500000
8600000
8700000
8800000
8900000
9000000
9100000
9200000
9300000
9400000
9500000
9600000
9700000
9800000
9900000
10000000
11000000
12000000
13000000
14000000
15000000
16000000
17000000
18000000
19000000
20000000
21000000
22000000
23000000
24000000
25000000
26000000
27000000
28000000
29000000
30000000
31000000
32000000
33000000
34000000
35000000
36000000
37000000
38000000
39000000
40000000
41000000
42000000
43000000
44000000
45000000
46000000
47000000
48000000
49000000
50000000
51000000
52000000
53000000
54000000
55000000
56000000
57000000
58000000
59000000
60000000
61000000
62000000
63000000
64000000
65000000
66000000
67000000
68000000
69000000
70000000
71000000
72000000
73000000
74000000
75000000
76000000
77000000
78000000
79000000
80000000
81000000
82000000
83000000
84000000
85000000
86000000
87000000
88000000
89000000
90000000
91000000
92000000
93000000
94000000
95000000
96000000
97000000
98000000
99000000
100000000
110000000
120000000
130000000
140000000
150000000
160000000
170000000
180000000
190000000
200000000
210000000
220000000
230000000
240000000
250000000
260000000
270000000
280000000
290000000
300000000
310000000
320000000
330000000
340000000
350000000
360000000
370000000
380000000
390000000
400000000
410000000
420000000
430000000
440000000
450000000
460000000
470000000
480000000
490000000
500000000
510000000
520000000
530000000
540000000
550000000
560000000
570000000
580000000
590000000
600000000
610000000
620000000
630000000
640000000
650000000
660000000
670000000
680000000
690000000
700000000
710000000
720000000
730000000
740000000
750000000
760000000
770000000
780000000
790000000
800000000
810000000
820000000
830000000
840000000
850000000
860000000
870000000
880000000
890000000
900000000
910000000
920000000
930000000
940000000
950000000
960000000
970000000
980000000
990000000
1000000000
1100000000
1200000000
1300000000
1400000000
1500000000
1600000000
1700000000
1800000000
1900000000
2000000000
2100000000
2200000000
2300000000
2400000000
2500000000
2600000000
2700000000
2800000000
2900000000
3000000000
3100000000
3200000000
3300000000
3400000000
3500000000
3600000000
3700000000
3800000000
3900000000
4000000000
4100000000
4200000000
4300000000
4400000000
4500000000
4600000000
4700000000
4800000000
4900000000
5000000000
5100000000
5200000000
5300000000
5400000000
5500000000
5600000000
5700000000
5800000000
5900000000
6000000000
6100000000
6200000000
6300000000
6400000000
6500000000
6600000000
6700000000
6800000000
6900000000
7000000000
7100000000
7200000000
7300000000
7400000000
7500000000
7600000000
7700000000
7800000000
7900000000
8000000000
8100000000
8200000000
8300000000
8400000000
8500000000
8600000000
8700000000
8800000000
8900000000
9000000000
9100000000
9200000000
9300000000
9400000000
9500000000
9600000000
9700000000
9800000000
9900000000
